Author: Alex Kost
Created: 1 Apr 2014

; Solution: ((1 3) (1 8) (1 8) (1 1) (1 1) (1 1) (1 1) (1 4) (1 4) (1 4) (1 4) (1 1) (1 1) (1 4) (1 2) (1 2) (1 2) (0 3) (0 8) (0 1) (0 4) (0 4) (0 4) (0 1) (0 8) (1 2) (1 4) (1 1) (1 4) (1 2) (1 8) (1 2) (1 8) (1 1) (1 8) (1 8) (0 4) (0 4) (0 4) (0 4) (0 1) (0 8) (0 1) (0 4) (0 2) (0 2) (0 8) (0 8) (0 8) (0 8) (0 4) (0 4) (0 4) (0 4) (0 4) (0 1) (0 8) (0 1) (0 4) (0 2) (0 2) (0 8) (0 8) (0 8) (0 8) (0 8) (0 1) (0 8) (0 8) (0 8) (0 8) (0 2) (0 2) (0 2) (0 2) (0 2) (0 4))
   
; Map
   @@@@@@@@
   @......@@
   @.   ...@
@@@@E      @
@ .        @
@ .  .  ...@
@...    H  @
@...       @
@...    ...@
@@@@@@@@...@
       @...@
       @@@@@
      
; Objects
   @@@@@@@@
   @......@@
   @P   .d.@
@@@@E      @
@ p        @
@ .  u  ...@
@...    b  @
@.b.       @
@...     b @
@@@@@@@@ b @
       @   @
       @@@@@
