Author: Alex Kost
Created: 3 Apr 2014

; Solution: ((0 3) (0 2) (1 3) (0 2) (0 2) (0 2) (0 2) (0 2) (0 2) (0 2) (0 2) (0 8) (1 2) (1 2) (1 2) (1 8) (1 1) (1 8) (0 1) (0 1) (1 4) (1 4) (1 1) (1 1) (1 8) (0 1) (0 1) (0 1) (0 1) (0 4) (0 1) (0 8) (1 1) (1 8) (1 8) (1 2) (1 2) (1 2) (1 8) (1 1) (1 1) (1 1) (0 1) (0 4) (1 1) (0 4) (0 1) (1 4) (0 4) (0 4) (0 2) (0 2) (1 2) (1 4) (0 4) (0 1) (1 4) (1 4) (0 1) (1 8) (1 8) (1 1) (1 1) (1 1) (1 8) (1 2) (1 8) (1 8) (1 8) (1 2) (1 2) (1 4) (1 2) (1 4) (1 2) (1 2) (1 2) (1 2) (1 2) (1 2) (1 2) (1 8) (1 8) (1 8) (1 8) (1 8) (1 1) (1 1) (1 1) (1 1) (1 1) (1 1))

; Map
@@@@@@@@@@@@@@@@@
@       .... ...@
@       ...  ...@
@R            ..@
@             ..@
@             ..@
@..........   ..@
@   .           @
@   D           @
@               @
@               @
@...........V   @
@..........   E @
@@@@@@@@@@@@@@@@@

; Objects
@@@@@@@@@@@@@@@@@
@       .... ...@
@       .d.  ...@
@R            h.@
@             ..@
@             ..@
@....b.b.pP   ..@
@               @
@               @
@               @
@               @
@........b..V   @
@........t.     @
@@@@@@@@@@@@@@@@@
