Author: Alex Kost
Created: 3 Apr 2014

; Solution: ((0 3) (0 2) (0 2) (0 4) (0 1) (0 8) (0 2) (0 8) (0 1) (0 4) (0 8) (0 2) (0 4) (0 2) (0 2) (0 2) (0 4) (0 1) (0 4) (0 4) (0 4) (0 2) (0 8) (0 8) (0 8) (0 8) (0 1) (0 1) (0 1) (0 2) (0 2) (0 2) (0 4) (0 1) (0 4) (0 2) (0 8) (0 8) (0 1) (0 1) (0 1) (0 1) (0 4) (0 1) (0 8) (0 2) (0 4) (0 2) (0 2) (0 8) (0 4) (0 1) (0 1) (0 8) (0 1) (0 4) (0 4) (0 2) (0 1) (0 8) (0 2) (0 8) (0 8) (0 1) (0 8) (0 2) (0 4) (0 4) (0 4) (0 1) (0 1) (0 1) (0 1) (0 4) (0 2) (0 4) (0 1) (0 8))

; Map
   @@@@@@@@@@@@@
   @..       ..@
   @..       ..@
@@@@           @@@@
@...           @..@
@..@           ...@
@..@     E     @..@
@..@           ...@
@...           @..@
@@@@           @@@@
   @..       ..@
   @..       ..@
   @@@@@@@@@@@@@

; Objects
   @@@@@@@@@@@@@
   @..       ..@
   @.b       b.@
@@@@           @@@@
@...           @..@
@.b@           ...@
@..@     E     @mP@
@.b@           ...@
@...           @..@
@@@@           @@@@
   @b.       b.@
   @..       ..@
   @@@@@@@@@@@@@
