Author: Alex Kost
Created: 8 Apr 2014

; Solution: ((0 3) (0 4) (0 4) (0 2) (0 4) (0 2) (0 8) (0 3) (0 8) (0 8) (0 2) (0 4) (0 4) (0 1) (0 8) (0 1) (0 8) (0 2) (0 2) (0 2) (0 2) (0 4) (0 2) (0 2) (0 2) (0 2) (0 8) (0 1) (0 4) (0 2) (0 2) (0 2) (0 2) (0 8) (0 1) (0 4) (0 1) (0 1) (0 1) (0 8) (0 2) (0 4) (0 1) (0 1) (0 8) (0 2) (0 4) (0 1) (0 1) (0 8) (0 2) (0 4) (0 1) (0 1) (0 8) (0 8) (0 8) (0 8) (0 1) (0 3) (0 1) (0 8) (0 8) (0 1) (0 1) (0 2) (0 2) (0 2) (0 2) (0 8) (0 1) (0 8) (0 1) (0 4) (0 4) (0 1) (0 2) (0 8) (0 1) (0 8) (0 2) (0 4) (0 4) (0 4) (0 4) (0 1) (0 4) (0 4) (0 1) (0 3) (0 4) (0 4) (0 4) (0 2) (0 8))

; Map
@@@@@@@@@@@@@
@....       @
@....       @
@....     E @
@  .   ..   @
@           @
@..       ..@
@..       .T@
@..       ..@
@           @
@   LLHRR   @
@.....U.....@
@@@@@@@@@@@@@

; Objects
@@@@@@@@@@@@@
@....       @
@.b.b       @
@....     E @
@  .   .m   @
@           @
@..       h.@
@Pt       .T@
@..       v.@
@           @
@   LLHRR   @
@.....U.....@
@@@@@@@@@@@@@
